00000000010000000000  00000000011000000000
00000000010000001000  00000000011000001100
00010000010000001000  00011000011000001100
00010001010000001000  00011001111000001100
00010001010100001000  00011001111110001100
00010001010100001001  10011001111110001101
00010001010100101001  10111001111110111101
00010001000100101010  11111111101110111111
00010001001000101010  11111111101101111111
00010001001001001010  11111111101111101111
00010001010001001010  11111111111011111111
00100001010001001010  11110111111011111111
00100001010001010000  11111111111011111001
00100001010001010100  11111111111011111111
00100010010001010100  11111111011111111111
00100010010010010000  11111111111111011011
01000010010010010000  11101111111111111011
01000010100010010000  11111111110111111011
01000010100010100000  11111111111111110111
10000010000010000000  11011111111111011111
10000100000010000000  11111110111111011111
10000100000100000000  11111111111110111111
00000100000100000001  10111111111111111111
00001000000100000001  11111101111111111111
00001000001000000001  11111111111101111111
00001000001000000010  01111111111111111111
00001000001000000100  11111111111111111110
00010000001000000100  11111011111111111111
00010000010000000100  11111111111011111111
00000000010000001000  11100111111111111101
00100000010000001000  11110111111111111111
00100000100000001000  11111111110111111111
01000000100000001000  11101111111111111111
01000000100000010000  11111111111111111011
01000001000000010000  11111111101111111111
10000001000000010000  11011111111111111111
10000001000000100000  11111111111111110111
10000010000000100000  11111111011111111111
00000010000000100001  10111111111111111111
00000010000001000001  11111111111111101111
